B=[-10;32;-16];
A=[4 -2 -10; 2 10 -12; -4 -6 16];
X=A\B
